0 120 124 509 345 
1 121 123 510 347 
2 119 123 509 347 
3 121 120 511 349 
4 118 122 510 349 
5 120 130 493 343 
6 83 117 562 356 
7 102 140 547 333 
8 163 173 499 305 
9 174 0 464 484 
10 229 0 413 489 
11 175 0 472 480 
12 292 0 356 497 
13 387 3 254 483 
14 301 0 349 480 
15 392 9 251 466 
16 382 3 255 473 
17 352 7 244 460 
18 242 0 282 478 
19 288 6 296 466 
20 280 22 259 449 
21 271 19 256 451 
22 273 19 250 452 
23 277 19 244 453 
24 278 20 242 454 
25 272 15 273 476 
26 296 25 261 451 
27 213 18 247 444 
28 169 11 265 456 
29 101 0 251 471 
30 98 0 257 469 
31 96 0 257 466 
32 99 0 253 467 
33 76 0 297 478 
34 118 0 241 476 
35 102 0 257 473 
36 8 0 254 485 
37 11 0 246 484 
38 0 1 153 466 
39 0 3 162 463 
40 0 2 115 460 
41 0 34 75 391 
42 0 54 76 349 
43 
44 
45 
46 
47 
48 
49 
50 
51 0 0 133 477 
52 1 5 146 462 
53 1 0 144 480 
54 0 0 253 481 
55 0 0 251 482 
56 2 0 219 476 
57 82 0 253 478 
58 92 0 248 478 
59 121 0 239 471 
60 116 0 241 474 
61 187 0 249 478 
62 208 0 249 478 
63 201 0 249 475 
64 207 0 246 476 
65 206 0 245 475 
66 203 51 251 414 
67 193 76 247 393 
68 187 80 251 385 
69 179 76 255 389 
70 181 81 255 382 
71 183 80 251 382 
72 189 0 256 473 
73 195 0 249 475 
74 190 0 251 477 
75 180 0 254 480 
76 171 0 254 483 
77 168 0 237 477 
78 178 0 256 477 
79 287 8 258 462 
80 183 16 208 452 
81 16 4 179 462 
82 
83 
84 
85 
86 
87 
88 
89 
90 
91 
92 
93 
94 
95 
96 
97 
98 
99 
100 
101 
102 
103 
104 
105 
106 
107 
108 
109 
110 
111 0 0 82 481 
112 18 0 169 493 
113 58 4 227 464 
114 145 7 183 459 
115 211 10 183 466 
116 223 9 167 468 
117 218 0 175 482 
118 220 0 175 475 
119 223 0 174 478 
120 224 48 196 422 
121 235 76 193 406 
122 230 78 203 397 
123 231 76 201 403 
124 231 76 202 400 
125 232 80 202 399 
126 232 73 200 404 
127 231 11 177 459 
128 224 0 174 473 
129 233 13 184 458 
130 292 0 168 486 
131 340 2 158 476 
132 411 0 200 480 
133 454 0 183 478 
134 491 1 145 476 
135 533 4 104 478 
136 
137 
138 
139 
140 
141 
142 
143 
144 
145 
146 
